$ 1 0.000005 11.086722712598126 50 5 43 5e-11
v -16 96 -16 256 0 1 60 180 0 0 0.5
T 64 96 240 256 0 4 0.1 -0.00039797541088491177 5.563583448109366e-15 0.999
w -16 256 64 256 0
w 64 96 -16 96 0
d 240 256 400 96 2 1N4004
d 416 256 272 96 2 1N4004
d 416 256 240 256 2 1N4004
w 400 96 448 96 0
w 416 256 448 256 0
c 448 96 448 256 0 0.00022 15.940337849182496 0.001
w 448 96 544 96 0
w 448 256 544 256 0
g 448 256 448 288 0 0
r 544 96 544 176 0 150
34 zener-12 0 1.7143528192810002e-7 0 2 12 0
z 544 256 544 176 2 zener-12
w 544 176 640 176 0
w 544 256 640 256 0
r 640 176 640 256 0 560
d 272 96 400 96 2 1N4004
w 240 96 272 96 0
o 17 64 0 4099 20 0.05 0 2 17 3
o 9 64 0 4099 40 0.4 1 2 9 3
