$ 1 0.000005 11.086722712598126 46 5 43 5e-11
T -64 432 32 624 0 4 0.1 -0.17988003811053352 -2.053880069491365e-14 0.999
v -160 432 -160 624 0 1 60 180 0 0 0.5
w -160 624 -64 624 0
r 688 512 688 624 0 120
d 32 432 224 432 2 1N4004
c 320 432 320 624 0 0.0006799999999999999 16.150926427081878 0.001
w 224 432 320 432 0
d 32 624 224 432 2 1N4004
w 320 624 144 624 0
d 144 624 32 624 2 1N4004
d 144 624 32 432 2 1N4004
162 432 432 432 496 2 default-led 1 0 0 0.01
r 432 496 432 624 0 3300
w 432 624 320 624 0
w 432 432 320 432 0
s -128 432 -96 432 0 0 false
w -128 432 -160 432 0
w -96 432 -64 432 0
t 592 496 624 496 0 1 -12.631651951357743 0.6771640901303577 100 default
w 624 432 624 480 0
w 624 512 688 512 0
w 688 624 544 624 0
w 544 624 496 624 0
174 544 512 544 576 1 10000 0.9851000000000001 Resistance
w 592 544 560 544 0
w 432 432 496 432 0
w 592 496 592 544 0
r 496 432 496 496 0 1000
w 624 432 496 432 0
34 zvoltage\q13 0 1.7143528192808883e-7 0 2 13 0
z 496 624 496 496 2 zvoltage\q13
w 496 624 432 624 0
w 496 496 544 496 0
w 544 512 544 496 0
r 544 576 544 624 0 4700
g 320 624 320 656 0 0
o 1 64 0 4099 320 0.2 0 2 1 3
o 3 64 0 12291 2.842679823228809 0.023688998526906743 1 2 3 3
o 5 64 0 4099 40 0.8 2 2 5 3
